-30.0143
-29.8273
-29.6404
-29.4534
-29.2664
-29.0795
-28.8925
-28.7056
-28.5186
-28.3317
-28.1447
-27.9578
-27.7708
-27.5839
-27.3969
-27.21
-27.023
-26.8361
-26.6491
-26.4622
-26.2753
-26.0883
-25.9014
-25.7144
-25.5275
-25.3405
-25.1536
-24.9666
-24.7797
-24.5927
-24.4058
-24.2188
-24.0319
-23.8449
-23.658
-23.471
-23.2841
-23.0971
-22.9102
-22.7232
-22.5363
-22.3493
-22.1624
-21.9754
-21.7885
-21.6015
-21.4146
-21.2276
-21.0406
-20.8537
-20.6667
-20.4798
-20.2928
-20.1059
-19.9189
-19.732
-19.545
-19.3581
-19.1712
-18.9842
-18.7973
-18.6103
-18.4234
-18.2364
-18.0495
-17.8625
-17.6756
-17.4886
-17.3017
-17.1147
-16.9278
-16.7408
-16.5539
-16.3669
-16.18
-15.993
-15.8061
-15.6191
-15.4322
-15.2452
-15.0583
-14.8713
-14.6844
-14.4974
-14.3105
-14.1235
-13.9366
-13.7496
-13.5627
-13.3757
-13.1888
-13.0018
-12.8149
-12.6279
-12.441
-12.254
-12.0671
-11.8801
-11.6932
-11.5062
-11.3193
-11.1323
-10.9454
-10.7584
-10.5715
-10.3845
-10.1976
-10.0106
-9.8237
-9.6367
-9.4498
-9.2628
-9.0759
-8.8889
-8.702
-8.515
-8.3281
-8.1411
-7.9542
-7.7672
-7.5803
-7.3933
-7.2064
-7.0194
-6.8325
-6.6455
-6.4586
-6.2716
-6.0847
-5.8977
-5.7108
-5.5238
-5.3369
-5.1499
-4.963
-4.776
-4.5891
-4.4021
-4.2152
-4.0282
-3.8413
-3.6543
-3.4674
-3.2804
-3.0935
-2.9065
-2.7196
-2.5326
-2.3457
-2.1587
-1.9718
-1.7848
-1.5979
-1.4109
-1.224
-1.037
-0.8501
-0.6631
-0.4762
-0.2892
-0.1023
8.47E-02
0.271622
0.458572
0.6455219
0.8324714
1.019421
1.206371
1.393321
1.580271
1.767221
1.954171
2.14112
2.32807
2.51502
2.70197
2.88892
3.07587
3.26282
3.449769
3.636719
3.823669
4.010619
4.197568
4.384518
4.571468
4.758418
4.945368
5.132318
5.319267
5.506217
5.693167
5.880117
6.067067
6.254017
6.440966
6.627916
6.814866
7.001816
7.188766
7.375716
7.562666
7.749615
7.936565
8.123515
8.310465
8.497415
8.684364
8.871315
9.058264
9.245214
9.432163
9.619114
9.806064
9.993013
10.17996
10.36691
10.55386
10.74081
10.92776
11.11471
11.30166
11.48861
11.67556
11.86251
12.04946
12.23641
12.42336
12.61031
12.79726
12.98421
13.17116
13.35811
13.54506
13.73201
13.91896
14.10591
14.29286
14.47981
14.66676
14.85371
15.04066
15.22761
15.41456
15.60151
15.78846
15.97541
16.16236
16.34931
16.53626
16.72321
16.91016
17.09711
17.28406
17.47101
17.65796
17.84491
18.03185
18.21881
18.40576
18.59271
18.77966
18.9666
19.15355
19.3405
19.52745
19.71441
19.90136
20.0883
20.27525
20.4622
20.64915
20.8361
21.02305
21.21
21.39695
21.5839
21.77085
21.9578
22.14475
22.3317
22.51865
22.7056
22.89255
23.0795
23.26645
23.4534
23.64035
23.8273
24.01425
